redshift,0,1,2,3,4,5
8.0,1.3410987999365706e-08,7.551996753312325e-07,1.602391382432094e-05,0.00016007717426815858,0.0007284561623906152,0.0015196218955106744
7.8,3.228484624552099e-08,1.596107153802872e-06,3.1005651560747e-05,0.0002885122700501975,0.0012630452241466424,0.002595862427578436
7.6,7.053444683207774e-08,3.157302648624929e-06,5.64974974501669e-05,0.0004865381125321142,0.002031160357063741,0.004094305962502038
7.4,1.314232451323223e-07,5.448815988561464e-06,9.050354514030361e-05,0.0007179085593242625,0.002829606558142357,0.0055612058392138265
7.2,2.2189967922372315e-07,8.660550088717836e-06,0.0001346503697341838,0.000981568396165328,0.003613287297991541,0.00687110020031502
7.0,3.5387838297995846e-07,1.311496083710899e-05,0.00019225375455115442,0.0012871117684526596,0.004372368634775541,0.007962130175900396
6.8,5.38877083578927e-07,1.9029191289369534e-05,0.0002651013525434839,0.0016389516836851433,0.00510039929371157,0.008801359617858766
6.6,7.812748563876273e-07,2.624769211831892e-05,0.0003502855021553488,0.0020261249488866422,0.0058002065164000595,0.009438390275858069
6.4,1.097130605755547e-06,3.468443667962981e-05,0.0004444969956091236,0.0024350022669048753,0.006475898381845973,0.009938499081495968
6.2,1.533073407537787e-06,4.466918348352783e-05,0.0005468738896423376,0.0028562800335201655,0.007122083937213177,0.010328792437076226
6.0,2.166864666288075e-06,5.687745965160048e-05,0.0006580471967757247,0.0032820762529929288,0.0077275495108004985,0.01061935112056252
5.8,3.1061694614662227e-06,7.228251258708872e-05,0.000779878883177833,0.003706560940087726,0.008283272541970907,0.01082327217578325
5.6,4.513992841741267e-06,9.238326932665382e-05,0.0009166228899483231,0.004128267414472474,0.008780293175797283,0.010944351345954357
5.4,6.628335535158113e-06,0.00011929479678778595,0.0010755785253222794,0.004553254539756123,0.009215055408618493,0.010980420231433525
5.2,9.914325164641695e-06,0.00015723611423480548,0.0012769486293963696,0.005033340871578969,0.009671930670641208,0.011034827423092053
5.0,1.561974962350358e-05,0.00021789728774078825,0.0015835298837711125,0.0057541448232893205,0.010462109487937535,0.011453451085314523
4.8,2.5623856565100074e-05,0.00031538929232300837,0.0020577095022064947,0.006871054805910743,0.011811303342136342,0.012461503455141828
4.6,4.160386377519443e-05,0.0004528037362594255,0.0026717731237392442,0.008219757379551475,0.013374860686207718,0.01365453404521419
4.4,6.58259469928673e-05,0.0006309988696226728,0.003376899552394391,0.00959219914807693,0.014773341170234846,0.014610933037867263
4.2,0.0001020252473646492,0.0008567620464263848,0.0041551458360027434,0.010908201120624895,0.015899415582382254,0.015246337590458662
4.0,0.00015507342708372186,0.001138390421759382,0.004997753461827007,0.012140308706425545,0.016756726144927594,0.015595191890154975
3.8,0.00023261003543241062,0.0014907544225346517,0.005911648956244955,0.01329046448572485,0.017373153597481414,0.015687667936290235
3.60974551542,0.00035427891415875794,0.0019743773113004262,0.007020828077001681,0.014525516525847892,0.017908287175041736,0.01564390227402874
3.4370612642,0.0005554247260753031,0.002703161968572778,0.008576128128829161,0.016196130512951518,0.01868814269678671,0.015702602674003086
3.27947248443,0.0008594105222857392,0.003713827090026,0.010594738001275346,0.018289068936854138,0.019717228912648366,0.01588748546354683
3.13495804215,0.0012551449892002433,0.004892825246785914,0.012728807225046861,0.02029855302931167,0.020595682755880165,0.015965666419146908
3.001851228,0.001724629538708927,0.006124721159128689,0.014693120557273856,0.021875460024475404,0.02108075420714463,0.015816996127276144
2.87876438709,0.002269077602848311,0.007390630004361382,0.016457099915255197,0.02302953973517485,0.021224203842621046,0.015495238302392784
2.76453143062,0.0029157603877564674,0.008762868735097079,0.018169367739427414,0.02393031624757923,0.021115717750875822,0.0150166305837766
2.65816493354,0.003688022967562555,0.01029014794299141,0.01992985828200597,0.024692287279719723,0.020798942244987087,0.014373593984920188
2.55882363238,0.0045570863694451074,0.011879890541662889,0.021592581521738177,0.0252309738034158,0.020296592361417242,0.01363076222650503
2.46578327875,0.005489339970194557,0.013438670206487535,0.0230385325010141,0.025523289482658862,0.01969330971532521,0.012887575411950897
2.37841948425,0.006477912663612243,0.014955445978910829,0.02429839672465821,0.025659232102980635,0.019075702498741395,0.012195450304807016
2.29618993046,0.007507832472973159,0.016449029835544804,0.025476760892494035,0.025793581782813046,0.01856724932814191,0.01162934457732743
2.21862128577,0.008543477170617325,0.017958462383113633,0.026770086227110138,0.02620571529733022,0.018379878267836908,0.011317351445602624
2.14529662952,0.009519036525996984,0.019456103996002918,0.02823658355964248,0.026980820121982427,0.018555792095544397,0.011265987932661875
2.07585074543,0.010408942118872319,0.020881815777920157,0.02973341566991436,0.027885308159619402,0.018865271860039702,0.011306181399197776
2.00995826518,0.01124309999057724,0.022204101440601302,0.031094397909350598,0.028669570947913905,0.0191046129038905,0.01131621811531847
1.94733080112,0.012035646402101028,0.023406795449312966,0.03226032844921193,0.029274246332571772,0.01924977413694014,0.011290742897936972
1.88771248339,0.012785478463744011,0.02450987593774743,0.03328965744648497,0.029770549543487835,0.01933259992251888,0.011228363961832539
1.83087228974,0.013451139806460925,0.025424659407995515,0.03405434125160147,0.03003211512193321,0.01925706936495434,0.011071960096129407
1.77660356763,0.013911788213083384,0.02593038259594501,0.03424269002095908,0.02976305295549503,0.01883896183601146,0.010729240640599026
1.72472077029,0.014116655560809778,0.02598279575779583,0.03383868675478478,0.02897051634525613,0.018084024390781474,0.01019616687114169
1.67505484552,0.014155464407801835,0.02575684700861509,0.033126227320637136,0.02796040426350063,0.017195445173696103,0.009573581500302995
1.62745537324,0.014149680597544128,0.025438542323505075,0.03232132316398951,0.02692439769972151,0.016313305999620373,0.00895183454539191
1.58178286206,0.014139499188800331,0.02511281241044401,0.031501900111752926,0.025877181861414373,0.015451956133116862,0.008369066552612752
1.53791146774,0.014098775541038278,0.024759207336665853,0.03066254217470373,0.024809560088593766,0.014603498908867639,0.007826418573958185
1.49572635168,0.0140284060001164,0.02435909451335615,0.029788411397076275,0.02375120458471338,0.013794364550832496,0.007327009347164343
1.45512220657,0.013937856935113834,0.023930757276327565,0.028920529212928852,0.022772785628115567,0.013065437179759443,0.0068724998767773155
1.41600372948,0.013839108837446597,0.023511508738741173,0.028099185037044498,0.021871376127498492,0.012393942402702793,0.006441709979272445
1.37828263454,0.013734794908496606,0.023101448347419097,0.027300276569341742,0.020990530638635072,0.011749654715248838,0.006039932061859617
1.34187726941,0.013607041769765134,0.022676353598490274,0.02652336776138553,0.02015576727306843,0.011156951433574296,0.005685469409591872
1.30671188209,0.01347020699564689,0.022239021098837797,0.025773348400705373,0.01940748571382182,0.010659742589744864,0.005400439331731182
1.27271802832,0.013328964606697913,0.021800925141511288,0.025044485676307817,0.01873033810113078,0.010257871520344972,0.005193055336255518
1.23983166351,0.013182637098279576,0.0213758584750188,0.024358721148338553,0.018116017455273907,0.009917278744143259,0.005031558280928202
1.20799342956,0.013031604391120463,0.02096010375578669,0.023717277489722372,0.017560860739730427,0.009613519458420696,0.004887488752363237
1.17714739714,0.012867129123544853,0.020544096006219727,0.023108581826929986,0.01705102398536663,0.009332007044788282,0.0047483269536740084
1.14724425669,0.012696299754284013,0.020129309757660693,0.022511605783739556,0.01655627520861021,0.00906220530001632,0.004614989765728825
1.11823538203,0.012538126344676803,0.019723300257913398,0.021907062366308627,0.016051119791282466,0.008789412219819114,0.004482011480773909
1.09007636208,0.012384912966031069,0.019329814034853305,0.021316926072479175,0.015551578517632983,0.008515757399304982,0.004349761152354906
1.06272702178,0.012229493519226914,0.01894442300492839,0.020752957532316367,0.015077574999819406,0.00825381595610153,0.004221866684997959
1.03614632953,0.012065965330069648,0.018557861406021583,0.020207063242661617,0.014625803029901178,0.008003589430272517,0.004097825650519715
1.01030040835,0.01189429174254068,0.01817485676332828,0.019677871376627083,0.014192484026405862,0.007765177419824024,0.003979333739538081
0.985154128676,0.01171789726300111,0.01779637720615144,0.019160396121820675,0.01376931059163014,0.007532676235459629,0.00386391894752991
0.960676979588,0.011541841621157994,0.017421031302834792,0.018649054624464447,0.013347216348327523,0.007295137135301521,0.0037424663862610035
0.93683786708,0.011359651070763154,0.017034394180359933,0.018120720492344818,0.012903428087139132,0.00703770129162452,0.0036080833912823973
0.913608953068,0.011163276966688122,0.016629524716222394,0.01758399057955127,0.012453864327971452,0.00676499252565444,0.003458704137346131
0.89096471589,0.010969291313828506,0.016231413808737865,0.017063630664856486,0.012026045990864606,0.0065016708937801196,0.0033086461242804043
0.868879550734,0.01078390528566217,0.015849793051697782,0.016565967149130698,0.011623263322437011,0.006258645730702049,0.003169799761361625
0.847329930757,0.0105863521923777,0.015467600122908664,0.016087518632051642,0.011242377623567099,0.006031662853851413,0.0030409203987583223
0.826294828679,0.01038279558530785,0.015093957460411674,0.015628057436613104,0.010875713639349171,0.005813922188363892,0.002920656480793369
0.805753494461,0.01019792879929168,0.014751711601644535,0.015195121100330302,0.01052398637295865,0.00560646280527998,0.0028087665878345908
0.785685136246,0.010028847934661305,0.014434282669113147,0.014790896672052274,0.010195063600382498,0.0054113777953937086,0.002701828055382668
0.766070994431,0.009861030675356578,0.014122465994018198,0.014400450644391887,0.009880780171771332,0.005223457008930982,0.002597121333538926
0.746895983677,0.009683230885697064,0.013795804175827452,0.013999040363142222,0.009561691752205238,0.005035592068154979,0.0024959500412072375
0.728139812974,0.009504413145309656,0.013466319175470195,0.013589495425642825,0.009235555650668158,0.004846871719512629,0.002397547310491985
0.709790186694,0.009327896729341529,0.013152266539178045,0.013199205370015232,0.008924581479228809,0.0046675772890127564,0.00230441920176828
0.691829691175,0.009140730992946598,0.012842899676763006,0.012834353469545574,0.00864317810645421,0.0045082289988684346,0.002222019677167808
0.6742441438,0.008942373411909543,0.012538387817962723,0.012498296594364218,0.008391199302579368,0.004364319340409313,0.0021463042483075667
0.657021030163,0.00874231578065294,0.012249479693807524,0.012198571437164015,0.00817290961423723,0.004235894883347436,0.0020763248456720372
0.64014776919,0.008551872751203308,0.011974991542513736,0.011916778581008439,0.007969831357143456,0.004117396748736915,0.00201319868912464
0.62361196249,0.008375041299978903,0.011708933944734698,0.011629756172478327,0.0077582413424228955,0.0040005183801667486,0.0019569078269973364
0.607400667055,0.008205926614885891,0.011455451481219842,0.011350570691406247,0.00754881105125366,0.0038856396191311268,0.001902605091453057
0.591504059912,0.008048452508279891,0.01121792319295118,0.011087129239462628,0.007351826826084237,0.003776250474150652,0.0018476263458193113
0.575911444972,0.007900424435481172,0.010985838645475057,0.010825549658657738,0.007158292029244246,0.003670436462581084,0.0017940790597644662
0.560611804213,0.007753047761855824,0.010756191649905558,0.010567814791477646,0.006966466844431949,0.0035659734799237323,0.0017433601384215587
0.545596435003,0.007605498711211745,0.010531212198839374,0.010321906396658738,0.006785404017274614,0.0034674560500751453,0.0016968547428507204
0.530856164133,0.007458111542963589,0.010309545031036794,0.010083197894358048,0.0066115898237216865,0.0033726715810052,0.0016509279397054653
0.516381170357,0.007315180728785725,0.01008991634955588,0.009838977373835336,0.006431573681871402,0.0032760489054594003,0.0016042443474757874
0.502164020343,0.00718018719797109,0.009877814378306355,0.009601430805101133,0.0062611875967538535,0.0031884254262079022,0.0015626763837243607
0.488196888665,0.007051344787826457,0.009681312124128644,0.009391931657054918,0.006116609459510943,0.0031129942923299506,0.0015251271935998764
0.474472058218,0.006917475070423265,0.009490549548505438,0.009199250881871884,0.005981778364899066,0.003038653359992415,0.001487445744044444
0.460981920719,0.006778606901795439,0.009294891567428727,0.008997910612417578,0.005837983845253578,0.0029604225569156203,0.0014488616212030485
0.447718619176,0.006643920043326679,0.009098571459419594,0.008792115807380783,0.0056924040476089,0.002882357589301785,0.001410013594609469
0.434676294496,0.006516147656527742,0.008906733241500635,0.008586555321194404,0.005547826253544786,0.0028070786820704827,0.0013734917724227416
0.421848507522,0.006390761415746759,0.008720251808462705,0.008384919160753701,0.005405203498691668,0.002734551856986331,0.0013400196346213405
0.409227912512,0.0062658759760689286,0.008543201061265106,0.008200793394829469,0.00527267031413658,0.002664388554697849,0.0013079563641295547
0.396810989052,0.006147525612636903,0.008372628395784752,0.008025889872785033,0.0051479479672354,0.0025967793727335736,0.0012757912216668705
0.384589546204,0.006034026754558011,0.008202329048860533,0.007851587404711055,0.005030013290212502,0.002535034457105295,0.00124496348163737
0.372559249403,0.00592445779719654,0.008037268247110462,0.007683236947029738,0.004917275269640841,0.0024765262876999027,0.00121571535953291
0.360714839484,0.005818492467829002,0.007878898633564738,0.007514810680406587,0.004801410095126084,0.002417043256313702,0.0011865675073970087
0.349049882919,0.00570898089889794,0.007719709428905179,0.007343831214906412,0.004684299028612662,0.002358551298312234,0.0011585783223399895
0.337562421543,0.005593277238967934,0.0075553343830789856,0.007177420178476917,0.0045731842929393985,0.0023019772529984032,0.0011311531177001463
0.326244727273,0.005481414972612455,0.007401310401865286,0.007027944873096069,0.004471957883781765,0.002247403845960313,0.0011035907938555124
0.31509373427,0.005379145249840064,0.007260502075283263,0.006888478750321703,0.004373866929846397,0.0021938827390464216,0.001077405205423334
0.304105186695,0.005281717664785289,0.007119171474416418,0.006745166433546879,0.004276212056211819,0.002142245114769761,0.0010517075778889392
0.293274883283,0.0051838554946628266,0.006976019056381162,0.0066016762557079695,0.00418269731150762,0.002093838763327682,0.0010270022034777262
0.282598677504,0.005086198367049358,0.006838529242036304,0.006465032732155201,0.004093028434634497,0.002047737809673587,0.0010040513799437001
0.272071235916,0.004993705057611787,0.006708171997924956,0.006333295935366098,0.004004015282852356,0.002002266424479668,0.0009824481494664662
0.261691834341,0.0048992025513029756,0.006576604538862645,0.0062024571714950965,0.003914537571897306,0.001955283142654951,0.0009599753116013719
0.25145388297,0.004804512566571908,0.006443902805929424,0.006071486080041007,0.003827207218466227,0.0019099314243625277,0.0009375817553388842
0.241355264691,0.004716944218024522,0.0063166756107162405,0.005943685657168561,0.0037449497814161484,0.0018694887217142243,0.0009175185763421893
0.231392661977,0.00462825000980287,0.006188164032492617,0.0058143728692612836,0.0036616559226745828,0.0018292396564269127,0.0008982295472115397
0.221562799399,0.004540338993055405,0.006065842167414313,0.00569193320289487,0.003579108060184047,0.0017875284248121794,0.0008790250672407571
0.211862441792,0.004457084398950043,0.005953810049479284,0.0055806261000902364,0.003501403802258575,0.001746365659609867,0.0008601773386734206
0.202287424421,0.0043746032333375215,0.005843128026386352,0.0054732326572971045,0.003429959851332831,0.0017092184896125861,0.0008421658395792037
0.192837285765,0.004295077361440556,0.005733646778005617,0.005366928268502862,0.003362256460031396,0.0016749009265194846,0.000824402170812396
0.183506686787,0.004219487452031621,0.005628817508274325,0.005262469577664988,0.0032937191740195246,0.0016398184547568757,0.0008064790865563718
0.174294016227,0.004141132239951455,0.005518244249875763,0.005150204210069622,0.003218884689436504,0.0016019917287852343,0.0007879589663461383
0.165196721959,0.004061957271489877,0.005406023864871161,0.005039340272466059,0.0031462565543765885,0.0015649174096464967,0.000769835779826674
0.156212281862,0.0039890240779619935,0.00530296359240851,0.004938743909403792,0.0030806483687974553,0.0015309922934579894,0.0007528351135755671
0.147338203394,0.003918992213682675,0.005203595467401006,0.004839546243258429,0.003016041195155114,0.0014984530708551747,0.0007365124548065193
0.13857202348,0.003848298466938115,0.005103967973319408,0.004740738903088579,0.0029515289901072043,0.0014658518315885185,0.0007204764364677103
0.129911308561,0.003778569198733041,0.005007159281996026,0.004647353239424471,0.0028892129044173973,0.0014328884190762628,0.0007043888609021026
0.12135275286,0.0037100745280259253,0.004912235185513017,0.004555831578513753,0.0028287519456028204,0.0014015113583739534,0.0006892859902750594
0.112896543818,0.003641216448697871,0.004816484490151668,0.004462157170892605,0.0027684198984075934,0.0013716750515740833,0.0006749797285953513
0.104538169613,0.0035726577228313975,0.004723015536262739,0.004371789750478477,0.002710601309628796,0.001343141004140368,0.0006610736026720605
0.0962766260902,0.003507755175861284,0.004636120607814112,0.004289781670565378,0.0026582175571297773,0.0013166017808778658,0.0006477602110783538
0.0881100273651,0.003446888941539049,0.004551786519964114,0.0042085883021472465,0.0026056451732095146,0.0012895171743888079,0.0006343359989919207
0.0800365078135,0.003385722499335138,0.004463609234523729,0.004122793256929997,0.002550942962537765,0.0012617440666232136,0.000620647696335323
0.0720542229961,0.003321872806490082,0.0043738533405536534,0.004036307553981309,0.0024964166871734974,0.0012345630028630658,0.0006070448267096405
0.0641613480391,0.0032605557084885274,0.004288837905257685,0.003952809752443312,0.002443087259677197,0.0012086410944579453,0.0005944282626466361
0.0563560782814,0.0032021556204945663,0.004211059178462929,0.0038762293086139384,0.0023931010835104125,0.00118391982254542,0.0005824981070286434
0.048636629557,0.0031393614227128433,0.004130813250810725,0.003799916164326195,0.0023434959213041147,0.0011586987750030011,0.0005698888942154893
0.040999807758,0.003071024345781006,0.004042392515910741,0.0037176711571955535,0.0022911446026954215,0.0011326654741525392,0.0005572550959360106
0.0334473631405,0.0030053969026966813,0.003953096292787636,0.0036340771300219705,0.0022382558833534023,0.0011061913007682886,0.0005445256056664976
0.0259756223608,0.002943993021812772,0.0038656179027873336,0.003550720070608148,0.002185914764225005,0.0010797114244072907,0.0005314459480968861
0.0185822755785,0.002887349728688131,0.00378685181842795,0.003474682545496232,0.0021386850789073646,0.001056674694796052,0.0005199316965875066
0.0112667658379,0.002850294795365858,0.0037373497289205646,0.00342607715230685,0.002108459775403297,0.001042522530479996,0.0005127610131487193
